E01-B 9.796137500 0.000000e+00 0.0 0.000000
E01-G 14.21571250 0.000000e+00 0.0 0.000000
E01-R 23.05486250 -6.738290e-06 0.0 -2.295325
E01-Y 18.63528750 6.995937e-06 0.0 0.861054
E02-B 27.46753750 8.729381e-06 0.893037116343 -0.858083
E02-G 31.88711250 8.709458e-06 0.365455807065 -2.490008
E02-R 40.72626250 8.679128e-06 0.0 0.076874
E02-Y 36.30668750 8.719882e-06 0.586632434493 1.822642
E03-B 45.15613750 6.762981e-06 0.471152858281 0.840087
E03-G 49.57571250 6.763539e-06 0.558308853095 -0.151625
E03-R 58.41486250 6.764622e-06 0.373404235049 0.383656
E03-Y 53.99528750 6.754975e-06 0.613009373026 -1.861328
E04-B 62.84573750 6.601427e-06 0.529514132156 1.993558
E04-G 67.26531250 6.611351e-06 0.470072387926 2.500617
E04-R 76.10446250 6.599869e-06 0.477993983641 0.158392
E04-Y 71.68488750 6.610081e-06 0.555404708139 2.337775
E05-B 80.51493750 1.011824e-05 0.578658032836 -0.570781
E05-G 84.93451250 1.010612e-05 0.433285521576 1.854788
E05-R 93.77366250 1.012514e-05 0.578676895305 1.548131
E05-Y 89.35408750 1.012708e-05 0.664353699985 1.190180
E06-B 98.17993750 4.681205e-06 0.0 -2.979383
E06-G 102.5995125 6.375304e-06 0.0 3.017177
E06-R 111.4386625 8.575259e-06 0.0 2.403527
E06-Y 107.0190875 -4.007601e-06 0.0 -0.071541
E07-B 115.8644375 9.968342e-06 0.703174334435 2.947291
E07-G 120.2840125 9.991090e-06 0.704844728525 0.098061
E07-R 129.1231625 9.968191e-06 0.849306723912 2.346346
E07-Y 124.7035875 9.990113e-06 0.899644026748 -0.609327
E08-B 133.5476375 9.405120e-06 0.503172638768 -1.446870
E08-G 137.9672125 9.401212e-06 0.431956522035 0.921125
E08-R 146.8063625 9.267243e-06 0.46582448433 -1.502652
E08-Y 142.3867875 9.406753e-06 0.559836320989 2.921763
E09-B 151.2293375 5.099789e-06 0.916553653299 -2.826952
E09-G 155.6489125 5.094039e-06 0.512518479268 1.839797
E09-R 164.4880625 5.070278e-06 0.790657551114 2.629786
E09-Y 160.0684875 5.074572e-06 0.528140235481 -2.074988
E10-B 168.8876375 4.140100e-06 0.784306915647 -0.268194
E10-G 173.3072125 4.128992e-06 0.631056538423 1.943036
E10-R 182.1463625 4.137344e-06 0.567020862058 0.016184
E10-Y 177.7267875 4.132569e-06 0.551715154965 -1.391143
E11-B 186.6530375 1.999916e-06 0.0 1.752479
E11-G 191.0726125 3.036418e-06 0.72729400943 -0.502584
E11-R 199.9117625 3.032353e-06 0.670216689923 0.626606
E11-Y 195.4921875 3.032585e-06 0.672923904534 -0.270301
E12-B 204.3358375 3.464915e-06 0.861297884713 1.992590
E12-G 208.7554125 3.446800e-06 0.578967057647 1.707922
E12-R 217.5945625 3.464087e-06 0.646680850253 1.625507
E12-Y 213.1749875 3.453857e-06 0.792283463495 -1.294021
E13-B 222.0057375 8.152075e-06 1.0 2.273428
E13-G 226.4253125 8.152436e-06 0.781718560533 1.018228
E13-R 235.2644625 8.169523e-06 0.874553409327 0.214416
E13-Y 230.8448875 8.159378e-06 0.876643233162 -1.694044
E14-B 239.6837375 8.687585e-06 0.960101499361 0.454092
E14-G 244.1033125 8.693678e-06 0.925709646046 -0.408380
E14-R 252.9424625 8.697295e-06 0.742633128154 3.130575
E14-Y 248.5228875 8.675759e-06 0.72664116603 -2.164701
E15-B 257.3665375 8.381951e-06 0.320291196622 -0.396669
E15-G 261.7861125 8.371211e-06 0.801465504008 -0.385022
E15-R 270.6252625 8.387227e-06 0.0 -1.487713
E15-Y 266.2056875 7.241739e-06 0.0 -1.814733
E16-B 275.0470375 8.206612e-06 0.320351603565 -1.713014
E16-G 279.4666125 8.356193e-06 0.389278181185 -0.195900
E16-R 288.3057625 8.583260e-06 0.311249849494 2.310828
E16-Y 283.8861875 8.646343e-06 0.0 0.859341
E17-B 292.7318375 6.281557e-06 0.0 -1.429876
E17-G 297.1514125 6.302479e-06 0.0 1.350776
E17-R 305.9905625 6.288023e-06 0.0 1.231144
E17-Y 301.5709875 6.288421e-06 0.0 -1.470646
E18-B 310.3972375 5.450021e-06 0.699902002849 1.383823
E18-G 314.8168125 5.450387e-06 0.645046000185 -0.562843
E18-R 323.6559625 5.440250e-06 0.630155447418 -1.560782
E18-Y 319.2363875 5.448606e-06 0.782869023479 -0.197960
E19-B 328.0782375 5.572606e-06 0.85032022129 -2.121569
E19-G 332.4978125 5.589867e-06 0.687840319873 1.166840
E19-R 341.3369625 5.568822e-06 0.832353101929 -1.374804
E19-Y 336.9173875 5.579589e-06 0.793398653745 -1.295478
E20-B 345.7608375 5.263710e-06 0.911841681392 1.160351
E20-G 350.1804125 0.000000e+00 0.0 0.000000
E20-R 359.0195625 5.089917e-06 0.629867768786 0.461016
E20-Y 354.5999875 5.151518e-06 0.913893822917 0.251098
E21-B 363.4354375 0.000000e+00 0.0 0.000000
E21-G 367.8550125 0.000000e+00 0.0 0.000000
E21-R 376.6941625 0.000000e+00 0.0 0.000000
E21-Y 372.2745875 0.000000e+00 0.0 0.000000
E22-B 381.1219375 5.796757e-06 0.95976855457 -2.789768
E22-G 385.5415125 5.786261e-06 0.813258440145 -0.198543
E22-R 394.3806625 5.802861e-06 0.658751486588 -1.048151
E22-Y 389.9610875 5.805811e-06 0.889479608023 -1.392678
E23-B 398.7965375 5.179684e-06 0.849820869099 -0.397915
E23-G 403.2161125 5.176793e-06 0.96009047057 -1.411612
E23-R 412.0552625 5.172747e-06 0.719802255215 -1.325347
E23-Y 407.6356875 5.175512e-06 0.801958671119 -1.820284
E24-B 416.4677375 6.547727e-06 0.9787568148 1.768114
E24-G 420.8873125 6.552175e-06 0.568839994136 0.226916
E24-R 429.7264625 6.547608e-06 0.0 1.570231
E24-Y 425.3068875 6.549280e-06 0.712373067939 0.714142
E25-B 434.1626375 0.000000e+00 0.0 0.000000
E25-G 438.5822125 0.000000e+00 0.0 0.000000
E25-R 447.4213625 0.000000e+00 0.0 0.000000
E25-Y 443.0017875 0.000000e+00 0.0 0.000000
E26-B 451.8327375 0.000000e+00 0.0 0.000000
E26-G 456.2523125 0.000000e+00 0.0 0.000000
E26-R 465.0914625 0.000000e+00 0.0 0.000000
E26-Y 460.6718875 0.000000e+00 0.0 0.000000
E27-B 469.5177375 7.801050e-06 0.758280721318 1.731218
E27-G 473.9373125 7.811475e-06 0.522017425379 1.325762
E27-R 482.7764625 7.790176e-06 0.553703609045 -1.775212
E27-Y 478.3568875 7.802171e-06 0.752977040712 0.101520
E28-B 487.2023375 8.238527e-06 0.819360900289 -1.416681
E28-G 491.6219125 8.233193e-06 0.0 0.720245
E28-R 500.4610625 8.233695e-06 0.528712373338 -1.680162
E28-Y 496.0414875 8.236535e-06 0.601866307279 -2.915402
E29-B 504.8778375 1.985237e-06 0.764918178269 -0.137531
E29-G 509.2974125 1.979514e-06 0.67396505457 1.671074
E29-R 518.1365625 1.965307e-06 0.670642063255 -0.404701
E29-Y 513.7169875 1.978470e-06 0.743205290178 1.873682
E30-B 522.5536375 2.074491e-06 0.72520220882 0.574700
E30-G 526.9732125 2.083290e-06 0.760259820198 2.572759
E30-R 535.8123625 2.041670e-06 0.0 0.064631
E30-Y 531.3927875 2.062821e-06 0.738648495182 2.956774
E31-B 540.2330375 1.545304e-06 0.749797257833 -1.796682
E31-G 544.6526125 1.541458e-06 0.799494033584 0.960380
E31-R 553.4917625 1.546621e-06 0.785163182687 -2.710360
E31-Y 549.0721875 1.527860e-06 0.804646286935 -0.226870
E32-B 557.9083375 2.472855e-06 0.71258796129 -3.077746
E32-G 562.3279125 3.734274e-06 0.0 0.070326
E32-R 571.1670625 2.619702e-06 0.321424509321 -0.782015
E32-Y 566.7474875 2.723105e-06 0.735701144766 1.580716
E33-B 575.5689375 7.310329e-06 0.789988828825 -2.167049
E33-G 579.9885125 7.298817e-06 0.794683342883 0.579178
E33-R 588.8276625 7.283069e-06 0.760863165085 -1.590226
E33-Y 584.4080875 7.313091e-06 0.31971090492 2.522885
E34-B 593.2572375 7.754534e-06 0.904411842274 1.735641
E34-G 597.6768125 7.763718e-06 0.399904968696 0.899163
E34-R 606.5159625 7.750834e-06 0.0 1.632250
E34-Y 602.0963875 7.741468e-06 0.655420317047 -1.500867
E35-B 610.9394375 8.580987e-06 0.451968894815 1.778775
E35-G 615.3590125 8.594587e-06 0.47893777582 2.999116
E35-R 624.1981625 8.577277e-06 0.54561953501 1.076021
E35-Y 619.7785875 8.584544e-06 0.454957085141 2.643108
E36-B 628.6236375 8.486836e-06 0.588813586637 1.936736
E36-G 633.0432125 8.496243e-06 0.561733729409 2.515452
E36-R 641.8823625 8.491842e-06 0.477171836186 2.504749
E36-Y 637.4627875 8.486505e-06 0.338995498951 0.007339
E37-B 646.2967375 3.063685e-06 0.469820598655 1.167243
E37-G 650.7163125 3.083136e-06 0.542509220988 -1.606363
E37-R 659.5554625 3.078777e-06 0.400482697089 -1.158149
E37-Y 655.1358875 3.070429e-06 0.540336356709 2.242328
E38-B 663.9729375 4.390444e-06 0.344028827428 0.558828
E38-G 668.3925125 4.395624e-06 0.526869282107 1.280555
E38-R 677.2316625 4.418885e-06 0.0 0.331924
E38-Y 672.8120875 4.396885e-06 0.540482666706 2.381023
E39-B 681.6501375 4.069939e-06 0.813188202474 0.550004
E39-G 686.0697125 4.020249e-06 0.427158694418 0.643788
E39-R 694.9088625 4.078316e-06 0.0 2.875670
E39-Y 690.4892875 4.069262e-06 0.0 -0.475150
E40-B 699.3338375 3.687766e-06 0.541836311785 2.120001
E40-G 703.7534125 3.689485e-06 0.729821694571 1.936981
E40-R 712.5925625 3.675398e-06 0.0 0.194870
E40-Y 708.1729875 3.669111e-06 0.525764210092 -0.230293
E41-B 716.9981375 0.000000e+00 0.0 0.000000
E41-G 721.4177125 5.688373e-06 0.0 2.867361
E41-R 730.2568625 5.700616e-06 0.265362121736 -2.651828
E41-Y 725.8372875 3.924600e-06 0.0 1.001277
E42-B 734.6967375 7.620010e-06 0.0 -0.069912
E42-G 739.1163125 7.544915e-06 0.0 0.303145
E42-R 747.9554625 0.000000e+00 0.0 0.000000
E42-Y 743.5358875 7.528727e-06 0.0 -0.438757
E43-B 752.3660375 7.362208e-06 0.0 -2.260542
E43-G 756.7856125 0.000000e+00 0.0 0.000000
E43-R 765.6247625 7.241820e-06 0.303066370069 1.216524
E43-Y 761.2051875 7.245099e-06 0.402648079961 0.015194
E44-B 770.0467375 5.609350e-06 0.0 -1.829656
E44-G 774.4663125 5.611624e-06 0.293467836149 1.577841
E44-R 783.3054625 5.615455e-06 0.340852708896 -2.827982
E44-Y 778.8858875 5.586924e-06 0.37927817809 0.588590
W01-B 23.05486250 1.092338e-05 0.678264558489 -2.812849
W01-G 18.63528750 1.094382e-05 0.811390987909 -0.017956
W01-R 9.796137500 1.094666e-05 0.482617655573 0.453411
W01-Y 14.21571250 1.095819e-05 0.747945288451 2.086245
W02-B 40.72626250 9.184208e-06 0.763826628958 1.072006
W02-G 36.30668750 9.163000e-06 0.0 2.562214
W02-R 27.46753750 9.171217e-06 0.623970296089 -0.367999
W02-Y 31.88711250 9.183447e-06 0.801374383971 0.653360
W03-B 58.41486250 1.087981e-05 0.806282933705 0.918466
W03-G 53.99528750 1.086986e-05 0.833088895439 -2.777795
W03-R 45.15613750 1.086686e-05 0.0 -1.986376
W03-Y 49.57571250 1.084515e-05 0.780308955808 -0.881838
W04-B 76.10446250 9.127751e-06 0.637900989335 -2.283188
W04-G 71.68488750 9.117823e-06 0.284910774602 2.650644
W04-R 62.84573750 9.147006e-06 0.783873753967 0.887208
W04-Y 67.26531250 9.134201e-06 0.883434625083 -1.338962
W05-B 93.77366250 6.010369e-06 0.84558948144 -1.298256
W05-G 89.35408750 6.017931e-06 0.79201429174 -0.088588
W05-R 80.51493750 6.007754e-06 0.606028904453 -2.577778
W05-Y 84.93451250 6.028786e-06 0.898781218746 1.827263
W06-B 111.4386625 7.236616e-06 0.991654614106 -2.470548
W06-G 107.0190875 7.235375e-06 0.871542459856 2.323140
W06-R 98.17993750 7.232438e-06 0.841858659749 -2.730347
W06-Y 102.5995125 7.223684e-06 0.819418865234 -0.127722
W07-B 129.1231625 7.214829e-06 0.827119370124 2.121803
W07-G 124.7035875 7.223205e-06 0.604824742262 -2.246702
W07-R 115.8644375 7.162430e-06 0.496539074768 -1.800695
W07-Y 120.2840125 7.231902e-06 0.0 -0.094700
W08-B 146.8063625 6.766507e-06 0.54068949712 2.053990
W08-G 142.3867875 0.000000e+00 0.0 0.000000
W08-R 133.5476375 6.880696e-06 0.639621267027 0.648714
W08-Y 137.9672125 6.837895e-06 0.700674320794 -2.798931
W09-B 164.4880625 0.000000e+00 0.0 0.000000
W09-G 160.0684875 0.000000e+00 0.0 0.000000
W09-R 151.2293375 1.203618e-05 0.735452450912 1.882968
W09-Y 155.6489125 1.199745e-05 0.438575965315 -1.903433
W10-B 182.1463625 1.109793e-05 0.454963491692 -0.025825
W10-G 177.7267875 1.117182e-05 0.792709595474 1.524415
W10-R 168.8876375 1.121024e-05 0.814547845362 -1.038915
W10-Y 173.3072125 1.105915e-05 0.919135846568 2.366141
W11-B 199.9117625 1.093985e-05 0.512092871292 -2.237805
W11-G 195.4921875 1.092999e-05 0.752860333045 1.572964
W11-R 186.6530375 1.093745e-05 0.629082259588 -2.143720
W11-Y 191.0726125 1.093796e-05 0.561520522268 -2.908294
W12-B 217.5945625 1.178072e-05 0.0 -2.188196
W12-G 213.1749875 1.180044e-05 0.0 1.997134
W12-R 204.3358375 1.178841e-05 0.826164627402 -0.792288
W12-Y 208.7554125 1.178948e-05 0.0 -1.366454
W13-B 235.2644625 8.812997e-06 0.891252535507 -1.796423
W13-G 230.8448875 8.800032e-06 0.890309146439 1.771743
W13-R 222.0057375 8.807138e-06 0.869284971287 -1.868080
W13-Y 226.4253125 8.830395e-06 0.0 -1.240192
W14-B 252.9424625 9.200279e-06 0.57748317579 1.653297
W14-G 248.5228875 9.191287e-06 0.594191159577 -1.855743
W14-R 239.6837375 9.161728e-06 0.482815817045 -0.143610
W14-Y 244.1033125 9.189095e-06 0.659633441623 -1.314731
W15-B 270.6252625 8.000442e-06 0.860031249948 2.012752
W15-G 266.2056875 7.992505e-06 0.79291741345 -1.720645
W15-R 257.3665375 8.010920e-06 0.685003997261 -2.165869
W15-Y 261.7861125 8.000334e-06 0.977070018991 1.211028
W16-B 288.3057625 9.692194e-06 0.736950014387 1.137066
W16-G 283.8861875 9.685562e-06 0.710894356726 0.587782
W16-R 275.0470375 9.664707e-06 0.0 2.620222
W16-Y 279.4666125 9.677043e-06 0.673041300544 -2.086169
W17-B 305.9905625 3.326870e-06 0.601085824495 -1.613548
W17-G 301.5709875 3.319639e-06 0.674924620755 1.338315
W17-R 292.7318375 3.336582e-06 0.394942214074 -2.068205
W17-Y 297.1514125 3.342128e-06 0.592185912024 -0.639421
W18-B 323.6559625 4.409084e-06 0.77423708071 -2.667708
W18-G 319.2363875 4.394688e-06 0.78618706363 0.217264
W18-R 310.3972375 4.399318e-06 0.688311829875 3.070216
W18-Y 314.8168125 4.412054e-06 0.0 -1.616047
W19-B 341.3369625 2.119797e-06 0.926646686556 -2.956648
W19-G 336.9173875 2.127796e-06 0.927239781234 -1.506219
W19-R 328.0782375 2.104188e-06 0.610749418083 0.516653
W19-Y 332.4978125 2.126543e-06 0.733079189671 -1.773670
W20-B 359.0195625 2.300674e-06 0.705945428338 2.798602
W20-G 354.5999875 2.294521e-06 0.0 2.182064
W20-R 345.7608375 2.283398e-06 0.633003959441 0.035066
W20-Y 350.1804125 2.272214e-06 0.687793143417 -2.762251
W21-B 376.6941625 1.139285e-05 0.683179598479 0.764866
W21-G 372.2745875 1.139309e-05 0.709173239798 -0.638551
W21-R 363.4354375 1.138077e-05 0.0 -1.171742
W21-Y 367.8550125 1.138910e-05 0.674749213102 -0.480565
W22-B 394.3806625 1.185816e-05 0.657256704459 -0.987864
W22-G 389.9610875 1.177727e-05 0.551798456422 -1.019327
W22-R 381.1219375 1.184743e-05 0.417715079603 1.149562
W22-Y 385.5415125 1.185289e-05 0.676212874667 -2.476714
W23-B 412.0552625 1.012143e-05 0.69031159254 -2.861288
W23-G 407.6356875 1.013313e-05 0.647898548509 -1.963715
W23-R 398.7965375 1.013997e-05 0.548996530794 0.568858
W23-Y 403.2161125 1.011912e-05 0.560525314011 -2.727907
W24-B 429.7264625 0.000000e+00 0.0 0.000000
W24-G 425.3068875 0.000000e+00 0.0 0.000000
W24-R 416.4677375 0.000000e+00 0.0 0.000000
W24-Y 420.8873125 0.000000e+00 0.0 0.000000
W25-B 447.4213625 6.780971e-06 0.365853502477 1.137976
W25-G 443.0017875 6.785318e-06 0.314405122884 -2.071529
W25-R 434.1626375 6.730604e-06 0.33415326935 1.282042
W25-Y 438.5822125 6.764985e-06 0.328082273375 1.549371
W26-B 465.0914625 8.805481e-06 0.0 -2.477989
W26-G 460.6718875 8.812325e-06 0.0 1.538461
W26-R 451.8327375 8.798609e-06 0.0 1.882313
W26-Y 456.2523125 8.806838e-06 0.0 -2.736595
W27-B 482.7764625 8.094566e-06 0.0 -0.053669
W27-G 478.3568875 8.082709e-06 0.0 1.061802
W27-R 469.5177375 8.097739e-06 0.304264451931 0.539860
W27-Y 473.9373125 8.105732e-06 0.293700999071 -0.314866
W28-B 500.4610625 7.284651e-06 0.266051349249 -0.571031
W28-G 496.0414875 7.396325e-06 0.301533961648 -2.531833
W28-R 487.2023375 7.295643e-06 0.0 1.405306
W28-Y 491.6219125 7.294233e-06 0.0 0.585392
W29-B 518.1365625 0.000000e+00 0.0 0.000000
W29-G 513.7169875 0.000000e+00 0.0 0.000000
W29-R 504.8778375 0.000000e+00 0.0 0.000000
W29-Y 509.2974125 0.000000e+00 0.0 0.000000
W30-B 535.8123625 2.128415e-06 0.346457812481 -0.620190
W30-G 531.3927875 2.118469e-06 0.309302015856 3.139830
W30-R 522.5536375 2.110177e-06 0.312133291583 0.835643
W30-Y 526.9732125 2.095142e-06 0.32246031817 0.254752
W31-B 553.4917625 2.554296e-06 0.298908052517 0.770235
W31-G 549.0721875 2.560101e-06 0.316298059141 -2.225259
W31-R 540.2330375 2.565289e-06 0.296764052383 0.888696
W31-Y 544.6526125 2.541972e-06 0.296882557081 -2.247164
W32-B 571.1670625 2.054658e-06 0.328582712862 -2.089259
W32-G 566.7474875 2.062644e-06 0.0 -2.431098
W32-R 557.9083375 2.056481e-06 0.0 -0.766764
W32-Y 562.3279125 2.081286e-06 0.0 -0.185818
W33-B 588.8276625 9.444141e-06 0.0 -2.449964
W33-G 584.4080875 9.454899e-06 0.0 -0.382533
W33-R 575.5689375 9.435117e-06 0.290781136401 0.172152
W33-Y 579.9885125 9.431910e-06 0.0 -1.319948
W34-B 606.5159625 9.376539e-06 0.0 -0.537443
W34-G 602.0963875 6.391596e-06 0.0 -1.490890
W34-R 593.2572375 6.742340e-06 0.0 0.847100
W34-Y 597.6768125 7.830446e-06 0.0 -2.954619
W35-B 624.1981625 8.812352e-06 0.380987184365 0.166166
W35-G 619.7785875 8.826341e-06 0.0 -1.173545
W35-R 610.9394375 8.798950e-06 0.0 -2.258677
W35-Y 615.3590125 8.813263e-06 0.0 2.483084
W36-B 641.8823625 9.802360e-06 0.370656259434 -0.864759
W36-G 637.4627875 9.793737e-06 0.287881379205 2.397998
W36-R 628.6236375 9.775814e-06 0.0 2.988780
W36-Y 633.0432125 9.787344e-06 0.355964073374 1.367518
W37-B 659.5554625 5.074412e-06 0.0 0.512395
W37-G 655.1358875 5.051488e-06 0.0 -1.487222
W37-R 646.2967375 5.070652e-06 0.0 0.760232
W37-Y 650.7163125 5.072621e-06 0.0 -0.426556
W38-B 677.2316625 4.272900e-06 0.312947411991 -1.522355
W38-G 672.8120875 4.252429e-06 0.279090276823 1.407419
W38-R 663.9729375 4.255212e-06 0.0 -2.302319
W38-Y 668.3925125 4.274309e-06 0.0 0.960912
W39-B 694.9088625 4.021915e-06 0.0 2.200303
W39-G 690.4892875 3.998404e-06 0.316278528693 3.009880
W39-R 681.6501375 3.878513e-06 0.279644078415 2.540912
W39-Y 686.0697125 0.000000e+00 0.0 0.000000
W40-B 712.5925625 4.798851e-06 0.0 -0.198113
W40-G 708.1729875 3.002664e-06 0.0 -1.339964
W40-R 699.3338375 6.416965e-06 0.0 2.587296
W40-Y 703.7534125 4.803619e-06 0.0 1.081910
W41-B 730.2568625 9.809512e-07 0.475871815555 -0.562518
W41-G 725.8372875 9.785335e-07 0.0 -1.433838
W41-R 716.9981375 9.490350e-07 0.312227507875 -0.695513
W41-Y 721.4177125 9.622277e-07 0.393452659656 0.311646
W42-B 747.9554625 0.000000e+00 0.0 0.000000
W42-G 743.5358875 0.000000e+00 0.0 0.000000
W42-R 734.6967375 1.934211e-06 0.347325438637 1.244930
W42-Y 739.1163125 1.924800e-06 0.447045507097 -2.643011
W43-B 765.6247625 1.695299e-06 0.583916335789 -0.968884
W43-G 761.2051875 1.693762e-06 0.637838043963 -1.812186
W43-R 752.3660375 1.700597e-06 0.471235037605 1.762149
W43-Y 756.7856125 1.665632e-06 0.573876201622 0.817346
W44-B 783.3054625 8.405190e-09 0.411441976674 -1.032489
W44-G 778.8858875 0.000000e+00 0.560308638984 0.000000
W44-R 770.0467375 -1.126903e-07 0.404044841603 -0.334238
W44-Y 774.4663125 -4.406198e-09 0.429354763654 -0.756656
ETB-R 10 0 1 0
ETB-Y 10 0 1 0
ETB-G 10 0 1 0
ETB-B 10 0 1 0
